-0.193,-0.137
0.076,0.007
-0.357,-0.206
1.156,1.211
1.605,1.342
0.076,0.007
-0.357,-0.206
0.076,0.007
-0.287,-0.409
-0.322,-0.047
-0.287,-0.409
-0.322,-0.047
-0.287,-0.409
0.076,0.007
-0.357,-0.206
0.070,0.061
-0.394,-0.489
0.070,0.061
-0.273,-0.313
0.076,0.007
-0.357,-0.206
-0.269,-0.178
-0.357,-0.206
-0.049,-0.086
0.076,0.007
-0.172,-0.109
-0.172,-0.109
1.156,1.211
-0.049,-0.086
-0.172,-0.109
1.605,1.342
-0.269,-0.178
-0.273,-0.313
0.076,0.007
-0.394,-0.489
0.084,0.156
0.084,0.156
-0.172,-0.109
-0.394,-0.489
-0.480,-0.335
0.194,0.123
1.156,1.211
1.156,1.211
1.156,1.211
1.156,1.211
0.076,0.007
-0.287,-0.409
1.156,1.211
-0.394,-0.489
-0.287,-0.409
-0.172,-0.109
-0.357,-0.206
-0.480,-0.335
0.651,0.056
-0.049,-0.086
-0.287,-0.409
0.008,0.038
-0.287,-0.409
1.605,1.342
-0.480,-0.335
-0.287,-0.409
0.194,0.123
-0.287,-0.409
-0.049,-0.086
0.194,0.123
0.084,0.156
-0.394,-0.489
0.076,0.007
0.076,0.007
0.076,0.007
0.070,0.061
-0.269,-0.178
0.076,0.007
0.008,0.038
0.070,0.061
0.194,0.123
-0.357,-0.206
-0.357,-0.206
-0.049,-0.086
-0.480,-0.335
-0.172,-0.109
0.008,0.038
-0.273,-0.313
-0.287,-0.409
1.156,1.211
1.156,1.211
0.076,0.007
-0.322,-0.047
0.070,0.061
-0.480,-0.335
0.194,0.123
1.156,1.211
-0.269,-0.178
-0.273,-0.313
-0.357,-0.206
-0.480,-0.335
-0.357,-0.206
0.076,0.007
1.156,1.211
-0.357,-0.206
-0.357,-0.206
0.076,0.007
1.156,1.211
0.076,0.007
0.076,0.007
1.156,1.211
0.008,0.038
-0.480,-0.335
1.605,1.342
-0.049,-0.086
-0.273,-0.313
1.156,1.211
-0.322,-0.047
1.156,1.211
0.076,0.007
1.156,1.211
0.076,0.007
-0.394,-0.489
0.084,0.156
1.605,1.342
-0.273,-0.313
0.076,0.007
-0.269,-0.178
-0.480,-0.335
1.605,1.342
0.008,0.038
-0.269,-0.178
-0.480,-0.335
-0.049,-0.086
-0.287,-0.409
-0.269,-0.178
-0.172,-0.109
-0.049,-0.086
0.084,0.156
1.156,1.211
1.156,1.211
-0.269,-0.178
1.156,1.211
1.156,1.211
-0.269,-0.178
-0.322,-0.047
-0.269,-0.178
-0.394,-0.489
-0.480,-0.335
-0.287,-0.409
1.605,1.342
0.008,0.038
1.605,1.342
-0.322,-0.047
-0.394,-0.489
0.076,0.007
-0.394,-0.489
1.156,1.211
-0.480,-0.335
0.084,0.156
-0.394,-0.489
0.076,0.007
-0.269,-0.178
-0.322,-0.047
-0.394,-0.489
-0.322,-0.047
-0.357,-0.206
-0.394,-0.489
0.076,0.007
-0.357,-0.206
1.605,1.342
0.084,0.156
-0.269,-0.178
0.076,0.007
1.156,1.211
-0.394,-0.489
-0.480,-0.335
-0.273,-0.313
0.084,0.156
1.605,1.342
-0.269,-0.178
0.070,0.061
-0.480,-0.335
-0.394,-0.489
-0.287,-0.409
-0.322,-0.047
0.084,0.156
0.076,0.007
0.008,0.038
-0.394,-0.489
1.605,1.342
-0.273,-0.313
0.084,0.156
-0.273,-0.313
-0.480,-0.335
-0.269,-0.178
0.008,0.038
-0.322,-0.047
-0.394,-0.489
-0.269,-0.178
0.084,0.156
-0.394,-0.489
-0.357,-0.206
-0.287,-0.409
0.070,0.061
-0.322,-0.047
0.194,0.123
-0.273,-0.313
-0.322,-0.047
-0.287,-0.409
0.076,0.007
-0.322,-0.047
-0.322,-0.047
-0.273,-0.313
1.156,1.211
1.156,1.211
-0.287,-0.409
-0.480,-0.335
0.070,0.061
-0.172,-0.109
-0.322,-0.047
1.605,1.342
-0.357,-0.206
0.076,0.007
0.076,0.007
-0.322,-0.047
-0.480,-0.335
1.156,1.211
-0.287,-0.409
-0.269,-0.178
-0.394,-0.489
1.156,1.211
-0.287,-0.409
1.156,1.211
1.156,1.211
-0.480,-0.335
-0.287,-0.409
-0.480,-0.335
-0.172,-0.109
-0.273,-0.313
0.194,0.123
0.070,0.061
0.008,0.038
0.008,0.038
0.076,0.007
1.156,1.211
0.194,0.123
-0.357,-0.206
-0.269,-0.178
1.156,1.211
1.156,1.211
-0.480,-0.335
-0.394,-0.489
0.076,0.007
-0.480,-0.335
0.084,0.156
0.070,0.061
-0.273,-0.313
0.076,0.007
0.070,0.061
-0.193,-0.137
0.084,0.156
1.156,1.211
-0.480,-0.335
0.070,0.061
-0.480,-0.335
-0.480,-0.335
0.194,0.123
0.194,0.123
-0.480,-0.335
0.076,0.007
-0.480,-0.335
-0.480,-0.335
-0.480,-0.335
-0.049,-0.086
-0.357,-0.206
0.194,0.123
-0.287,-0.409
0.008,0.038
1.605,1.342
1.605,1.342
-0.357,-0.206
0.008,0.038
0.008,0.038
1.156,1.211
0.084,0.156
1.156,1.211
-0.480,-0.335
-0.480,-0.335
-0.287,-0.409
1.605,1.342
-0.480,-0.335
0.008,0.038
0.076,0.007
-0.273,-0.313
-0.273,-0.313
-0.287,-0.409
-0.322,-0.047
-0.480,-0.335
-0.357,-0.206
-0.394,-0.489
-0.049,-0.086
-0.322,-0.047
-0.480,-0.335
0.076,0.007
1.605,1.342
-0.172,-0.109
0.084,0.156
-0.357,-0.206
-0.322,-0.047
1.156,1.211
-0.273,-0.313
-0.049,-0.086
0.070,0.061
-0.172,-0.109
-0.049,-0.086
1.605,1.342
0.076,0.007
1.156,1.211
-0.394,-0.489
1.605,1.342
0.076,0.007
0.194,0.123
-0.172,-0.109
-0.322,-0.047
-0.394,-0.489
-0.273,-0.313
0.070,0.061
0.008,0.038
-0.287,-0.409
-0.394,-0.489
1.156,1.211
-0.322,-0.047
-0.480,-0.335
-0.482,-0.643
0.194,0.123
-0.322,-0.047
-0.480,-0.335
-0.269,-0.178
-0.322,-0.047
-0.322,-0.047
-0.193,-0.137
0.651,0.056
-0.480,-0.335
-0.394,-0.489
0.008,0.038
-0.172,-0.109
-0.322,-0.047
-0.357,-0.206
-0.287,-0.409
-0.322,-0.047
0.084,0.156
-0.273,-0.313
-0.480,-0.335
-0.269,-0.178
0.651,0.056
-0.287,-0.409
-0.480,-0.335
0.008,0.038
-0.480,-0.335
1.156,1.211
-0.273,-0.313
0.076,0.007
1.156,1.211
-0.357,-0.206
-0.357,-0.206
0.076,0.007
-0.480,-0.335
-0.172,-0.109
1.605,1.342
-0.357,-0.206
-0.480,-0.335
-0.049,-0.086
-0.269,-0.178
-0.322,-0.047
-0.357,-0.206
1.156,1.211
-0.049,-0.086
-0.269,-0.178
0.084,0.156
-0.357,-0.206
-0.269,-0.178
0.070,0.061
-0.269,-0.178
-0.287,-0.409
-0.269,-0.178
-0.172,-0.109
-0.049,-0.086
-0.322,-0.047
-0.273,-0.313
1.156,1.211
0.076,0.007
0.084,0.156
-0.269,-0.178
-0.269,-0.178
0.076,0.007
0.194,0.123
1.156,1.211
-0.322,-0.047
-0.269,-0.178
0.084,0.156
-0.193,-0.137
1.156,1.211
-0.357,-0.206
-0.273,-0.313
-0.172,-0.109
1.156,1.211
-0.480,-0.335
-0.273,-0.313
-0.287,-0.409
-0.193,-0.137
0.084,0.156
1.605,1.342
1.605,1.342
-0.049,-0.086
1.605,1.342
-0.049,-0.086
-0.273,-0.313
1.605,1.342
1.605,1.342
